     1	   0.10000E+01	   0.00000E+00	   0.10000E+01	   0.00000E+00
     2	   0.10000E+01	   0.62500E-01	   0.10069E+01	   0.70266E-01
     3	   0.10000E+01	   0.12500E+00	   0.10199E+01	   0.14053E+00
     4	   0.10000E+01	   0.18750E+00	   0.10357E+01	   0.21023E+00
     5	   0.10000E+01	   0.25000E+00	   0.10511E+01	   0.27992E+00
     6	   0.10000E+01	   0.31250E+00	   0.10650E+01	   0.34906E+00
     7	   0.10000E+01	   0.37500E+00	   0.10765E+01	   0.41819E+00
     8	   0.10000E+01	   0.43750E+00	   0.10854E+01	   0.48694E+00
     9	   0.10000E+01	   0.50000E+00	   0.10919E+01	   0.55569E+00
    10	   0.10000E+01	   0.56250E+00	   0.10963E+01	   0.62424E+00
    11	   0.10000E+01	   0.62500E+00	   0.10989E+01	   0.69279E+00
    12	   0.10000E+01	   0.68750E+00	   0.11003E+01	   0.76126E+00
    13	   0.10000E+01	   0.75000E+00	   0.11008E+01	   0.82974E+00
    14	   0.10000E+01	   0.81250E+00	   0.11007E+01	   0.89821E+00
    15	   0.10000E+01	   0.87500E+00	   0.11002E+01	   0.96668E+00
    16	   0.10000E+01	   0.93750E+00	   0.10996E+01	   0.10352E+01
    17	   0.10000E+01	   0.10000E+01	   0.10989E+01	   0.11037E+01
    18	   0.10000E+01	   0.10625E+01	   0.10983E+01	   0.11722E+01
    19	   0.10000E+01	   0.11250E+01	   0.10978E+01	   0.12407E+01
    20	   0.10000E+01	   0.11875E+01	   0.10974E+01	   0.13092E+01
    21	   0.10000E+01	   0.12500E+01	   0.10970E+01	   0.13778E+01
    22	   0.10000E+01	   0.13125E+01	   0.10968E+01	   0.14463E+01
    23	   0.10000E+01	   0.13750E+01	   0.10967E+01	   0.15149E+01
    24	   0.10000E+01	   0.14375E+01	   0.10966E+01	   0.15834E+01
    25	   0.10000E+01	   0.15000E+01	   0.10966E+01	   0.16520E+01
    26	   0.10000E+01	   0.15625E+01	   0.10966E+01	   0.17205E+01
    27	   0.10000E+01	   0.16250E+01	   0.10966E+01	   0.17891E+01
    28	   0.10000E+01	   0.16875E+01	   0.10966E+01	   0.18576E+01
    29	   0.10000E+01	   0.17500E+01	   0.10966E+01	   0.19261E+01
    30	   0.10000E+01	   0.18125E+01	   0.10967E+01	   0.19947E+01
    31	   0.10000E+01	   0.18750E+01	   0.10967E+01	   0.20632E+01
    32	   0.10000E+01	   0.19375E+01	   0.10967E+01	   0.21318E+01
    33	   0.10000E+01	   0.20000E+01	   0.10967E+01	   0.22003E+01
    34	   0.10000E+01	   0.20625E+01	   0.10967E+01	   0.22689E+01
    35	   0.10000E+01	   0.21250E+01	   0.10967E+01	   0.23374E+01
    36	   0.10000E+01	   0.21875E+01	   0.10967E+01	   0.24060E+01
    37	   0.10000E+01	   0.22500E+01	   0.10967E+01	   0.24745E+01
    38	   0.10000E+01	   0.23125E+01	   0.10967E+01	   0.25431E+01
    39	   0.10000E+01	   0.23750E+01	   0.10967E+01	   0.26116E+01
    40	   0.10000E+01	   0.24375E+01	   0.10967E+01	   0.26802E+01
    41	   0.10000E+01	   0.25000E+01	   0.10967E+01	   0.27487E+01
    42	   0.10000E+01	   0.25625E+01	   0.10967E+01	   0.28173E+01
    43	   0.10000E+01	   0.26250E+01	   0.10967E+01	   0.28858E+01
    44	   0.10000E+01	   0.26875E+01	   0.10967E+01	   0.29543E+01
    45	   0.10000E+01	   0.27500E+01	   0.10967E+01	   0.30229E+01
    46	   0.10000E+01	   0.28125E+01	   0.10967E+01	   0.30914E+01
    47	   0.10000E+01	   0.28750E+01	   0.10967E+01	   0.31600E+01
    48	   0.10000E+01	   0.29375E+01	   0.10967E+01	   0.32285E+01
    49	   0.10000E+01	   0.30000E+01	   0.10967E+01	   0.32971E+01
    50	   0.10000E+01	   0.30625E+01	   0.10967E+01	   0.33656E+01
    51	   0.10000E+01	   0.31250E+01	   0.10967E+01	   0.34342E+01
    52	   0.10000E+01	   0.31875E+01	   0.10967E+01	   0.35027E+01
    53	   0.10000E+01	   0.32500E+01	   0.10967E+01	   0.35713E+01
    54	   0.10000E+01	   0.33125E+01	   0.10967E+01	   0.36398E+01
    55	   0.10000E+01	   0.33750E+01	   0.10967E+01	   0.37084E+01
    56	   0.10000E+01	   0.34375E+01	   0.10967E+01	   0.37769E+01
    57	   0.10000E+01	   0.35000E+01	   0.10967E+01	   0.38454E+01
    58	   0.10000E+01	   0.35625E+01	   0.10967E+01	   0.39140E+01
    59	   0.10000E+01	   0.36250E+01	   0.10967E+01	   0.39825E+01
    60	   0.10000E+01	   0.36875E+01	   0.10967E+01	   0.40511E+01
    61	   0.10000E+01	   0.37500E+01	   0.10967E+01	   0.41196E+01
    62	   0.10000E+01	   0.38125E+01	   0.10967E+01	   0.41882E+01
    63	   0.10000E+01	   0.38750E+01	   0.10967E+01	   0.42567E+01
    64	   0.10000E+01	   0.39375E+01	   0.10967E+01	   0.43253E+01
    65	   0.10000E+01	   0.40000E+01	   0.10967E+01	   0.43938E+01
    66	   0.10000E+01	   0.40625E+01	   0.10967E+01	   0.44624E+01
    67	   0.10000E+01	   0.41250E+01	   0.10967E+01	   0.45309E+01
    68	   0.10000E+01	   0.41875E+01	   0.10967E+01	   0.45995E+01
    69	   0.10000E+01	   0.42500E+01	   0.10967E+01	   0.46680E+01
    70	   0.10000E+01	   0.43125E+01	   0.10967E+01	   0.47365E+01
    71	   0.10000E+01	   0.43750E+01	   0.10967E+01	   0.48051E+01
    72	   0.10000E+01	   0.44375E+01	   0.10967E+01	   0.48736E+01
    73	   0.10000E+01	   0.45000E+01	   0.10967E+01	   0.49422E+01
    74	   0.10000E+01	   0.45625E+01	   0.10967E+01	   0.50107E+01
    75	   0.10000E+01	   0.46250E+01	   0.10967E+01	   0.50793E+01
    76	   0.10000E+01	   0.46875E+01	   0.10967E+01	   0.51478E+01
    77	   0.10000E+01	   0.47500E+01	   0.10967E+01	   0.52164E+01
    78	   0.10000E+01	   0.48125E+01	   0.10967E+01	   0.52849E+01
    79	   0.10000E+01	   0.48750E+01	   0.10967E+01	   0.53535E+01
    80	   0.10000E+01	   0.49375E+01	   0.10967E+01	   0.54220E+01
    81	   0.10000E+01	   0.50000E+01	   0.10967E+01	   0.54906E+01
