     1	   0.00000E+00	   0.00000E+00	   0.00000E+00	   0.00000E+00
     2	   0.12500E-01	   0.22436E-10	   0.12500E-01	  -0.16944E-03
     3	   0.25000E-01	   0.44872E-10	   0.25000E-01	  -0.53365E-03
     4	   0.37500E-01	   0.67309E-10	   0.37500E-01	  -0.10772E-02
     5	   0.50000E-01	   0.89745E-10	   0.50000E-01	  -0.17626E-02
     6	   0.62500E-01	   0.11218E-09	   0.62500E-01	  -0.25741E-02
     7	   0.75000E-01	   0.13462E-09	   0.75000E-01	  -0.34952E-02
     8	   0.87500E-01	   0.15705E-09	   0.87500E-01	  -0.45158E-02
     9	   0.10000E+00	   0.17949E-09	   0.10000E+00	  -0.56258E-02
    10	   0.11250E+00	   0.20193E-09	   0.11250E+00	  -0.68174E-02
    11	   0.12500E+00	   0.22436E-09	   0.12500E+00	  -0.80827E-02
    12	   0.13750E+00	   0.24680E-09	   0.13750E+00	  -0.94155E-02
    13	   0.15000E+00	   0.26923E-09	   0.15000E+00	  -0.10810E-01
    14	   0.16250E+00	   0.29167E-09	   0.16250E+00	  -0.12260E-01
    15	   0.17500E+00	   0.31411E-09	   0.17500E+00	  -0.13761E-01
    16	   0.18750E+00	   0.33654E-09	   0.18750E+00	  -0.15309E-01
    17	   0.20000E+00	   0.35898E-09	   0.20000E+00	  -0.16899E-01
    18	   0.21250E+00	   0.38142E-09	   0.21250E+00	  -0.18526E-01
    19	   0.22500E+00	   0.40385E-09	   0.22500E+00	  -0.20188E-01
    20	   0.23750E+00	   0.42629E-09	   0.23750E+00	  -0.21881E-01
    21	   0.25000E+00	   0.44872E-09	   0.25000E+00	  -0.23601E-01
    22	   0.26250E+00	   0.47116E-09	   0.26250E+00	  -0.25345E-01
    23	   0.27500E+00	   0.49360E-09	   0.27500E+00	  -0.27111E-01
    24	   0.28750E+00	   0.51603E-09	   0.28750E+00	  -0.28894E-01
    25	   0.30000E+00	   0.53847E-09	   0.30000E+00	  -0.30693E-01
    26	   0.31250E+00	   0.56091E-09	   0.31250E+00	  -0.32504E-01
    27	   0.32500E+00	   0.58334E-09	   0.32500E+00	  -0.34326E-01
    28	   0.33750E+00	   0.60578E-09	   0.33750E+00	  -0.36156E-01
    29	   0.35000E+00	   0.62821E-09	   0.35000E+00	  -0.37990E-01
    30	   0.36250E+00	   0.65065E-09	   0.36250E+00	  -0.39828E-01
    31	   0.37500E+00	   0.67309E-09	   0.37500E+00	  -0.41667E-01
    32	   0.38750E+00	   0.69552E-09	   0.38750E+00	  -0.43505E-01
    33	   0.40000E+00	   0.71796E-09	   0.40000E+00	  -0.45339E-01
    34	   0.41250E+00	   0.74039E-09	   0.41250E+00	  -0.47169E-01
    35	   0.42500E+00	   0.76283E-09	   0.42500E+00	  -0.48991E-01
    36	   0.43750E+00	   0.78527E-09	   0.43750E+00	  -0.50804E-01
    37	   0.45000E+00	   0.80770E-09	   0.45000E+00	  -0.52606E-01
    38	   0.46250E+00	   0.83014E-09	   0.46250E+00	  -0.54395E-01
    39	   0.47500E+00	   0.85258E-09	   0.47500E+00	  -0.56170E-01
    40	   0.48750E+00	   0.87501E-09	   0.48750E+00	  -0.57930E-01
    41	   0.50000E+00	   0.89745E-09	   0.50000E+00	  -0.59671E-01
    42	   0.51250E+00	   0.91988E-09	   0.51250E+00	  -0.61394E-01
    43	   0.52500E+00	   0.94232E-09	   0.52500E+00	  -0.63096E-01
    44	   0.53750E+00	   0.96476E-09	   0.53750E+00	  -0.64775E-01
    45	   0.55000E+00	   0.98719E-09	   0.55000E+00	  -0.66431E-01
    46	   0.56250E+00	   0.10096E-08	   0.56250E+00	  -0.68062E-01
    47	   0.57500E+00	   0.10321E-08	   0.57500E+00	  -0.69666E-01
    48	   0.58750E+00	   0.10545E-08	   0.58750E+00	  -0.71242E-01
    49	   0.60000E+00	   0.10769E-08	   0.60000E+00	  -0.72789E-01
    50	   0.61250E+00	   0.10994E-08	   0.61250E+00	  -0.74306E-01
    51	   0.62500E+00	   0.11218E-08	   0.62500E+00	  -0.75791E-01
    52	   0.63750E+00	   0.11442E-08	   0.63750E+00	  -0.77242E-01
    53	   0.65000E+00	   0.11667E-08	   0.65000E+00	  -0.78659E-01
    54	   0.66250E+00	   0.11891E-08	   0.66250E+00	  -0.80041E-01
    55	   0.67500E+00	   0.12116E-08	   0.67500E+00	  -0.81386E-01
    56	   0.68750E+00	   0.12340E-08	   0.68750E+00	  -0.82693E-01
    57	   0.70000E+00	   0.12564E-08	   0.70000E+00	  -0.83960E-01
    58	   0.71250E+00	   0.12789E-08	   0.71250E+00	  -0.85188E-01
    59	   0.72500E+00	   0.13013E-08	   0.72500E+00	  -0.86374E-01
    60	   0.73750E+00	   0.13237E-08	   0.73750E+00	  -0.87518E-01
    61	   0.75000E+00	   0.13462E-08	   0.75000E+00	  -0.88619E-01
    62	   0.76250E+00	   0.13686E-08	   0.76250E+00	  -0.89675E-01
    63	   0.77500E+00	   0.13910E-08	   0.77500E+00	  -0.90685E-01
    64	   0.78750E+00	   0.14135E-08	   0.78750E+00	  -0.91649E-01
    65	   0.80000E+00	   0.14359E-08	   0.80000E+00	  -0.92565E-01
    66	   0.81250E+00	   0.14584E-08	   0.81250E+00	  -0.93433E-01
    67	   0.82500E+00	   0.14808E-08	   0.82500E+00	  -0.94252E-01
    68	   0.83750E+00	   0.15032E-08	   0.83750E+00	  -0.95019E-01
    69	   0.85000E+00	   0.15257E-08	   0.85000E+00	  -0.95736E-01
    70	   0.86250E+00	   0.15481E-08	   0.86250E+00	  -0.96400E-01
    71	   0.87500E+00	   0.15705E-08	   0.87500E+00	  -0.97011E-01
    72	   0.88750E+00	   0.15930E-08	   0.88750E+00	  -0.97568E-01
    73	   0.90000E+00	   0.16154E-08	   0.90000E+00	  -0.98069E-01
    74	   0.91250E+00	   0.16378E-08	   0.91250E+00	  -0.98515E-01
    75	   0.92500E+00	   0.16603E-08	   0.92500E+00	  -0.98904E-01
    76	   0.93750E+00	   0.16827E-08	   0.93750E+00	  -0.99236E-01
    77	   0.95000E+00	   0.17052E-08	   0.95000E+00	  -0.99509E-01
    78	   0.96250E+00	   0.17276E-08	   0.96250E+00	  -0.99722E-01
    79	   0.97500E+00	   0.17500E-08	   0.97500E+00	  -0.99876E-01
    80	   0.98750E+00	   0.17725E-08	   0.98750E+00	  -0.99969E-01
    81	   0.10000E+01	   0.17949E-08	   0.10000E+01	  -0.10000E+00
