     1	   0.00000E+00	  -0.70000E-01	   0.00000E+00	  -0.70000E-01
     2	   0.68721E-03	  -0.69997E-01	   0.72813E-03	  -0.70282E-01
     3	   0.13744E-02	  -0.69987E-01	   0.14504E-02	  -0.69975E-01
     4	   0.20614E-02	  -0.69970E-01	   0.21988E-02	  -0.69951E-01
     5	   0.27482E-02	  -0.69946E-01	   0.29463E-02	  -0.69902E-01
     6	   0.34347E-02	  -0.69916E-01	   0.36968E-02	  -0.69853E-01
     7	   0.41210E-02	  -0.69879E-01	   0.44466E-02	  -0.69795E-01
     8	   0.48068E-02	  -0.69835E-01	   0.51962E-02	  -0.69730E-01
     9	   0.54921E-02	  -0.69784E-01	   0.59451E-02	  -0.69659E-01
    10	   0.61770E-02	  -0.69727E-01	   0.66929E-02	  -0.69580E-01
    11	   0.68612E-02	  -0.69663E-01	   0.74400E-02	  -0.69495E-01
    12	   0.75448E-02	  -0.69592E-01	   0.81856E-02	  -0.69403E-01
    13	   0.82276E-02	  -0.69515E-01	   0.89304E-02	  -0.69304E-01
    14	   0.89097E-02	  -0.69431E-01	   0.96737E-02	  -0.69199E-01
    15	   0.95909E-02	  -0.69340E-01	   0.10416E-01	  -0.69087E-01
    16	   0.10271E-01	  -0.69242E-01	   0.11157E-01	  -0.68968E-01
    17	   0.10950E-01	  -0.69138E-01	   0.11896E-01	  -0.68843E-01
    18	   0.11629E-01	  -0.69027E-01	   0.12635E-01	  -0.68711E-01
    19	   0.12306E-01	  -0.68910E-01	   0.13372E-01	  -0.68572E-01
    20	   0.12982E-01	  -0.68786E-01	   0.14107E-01	  -0.68427E-01
    21	   0.13656E-01	  -0.68655E-01	   0.14841E-01	  -0.68275E-01
    22	   0.14330E-01	  -0.68518E-01	   0.15573E-01	  -0.68116E-01
    23	   0.15002E-01	  -0.68374E-01	   0.16304E-01	  -0.67950E-01
    24	   0.15672E-01	  -0.68223E-01	   0.17033E-01	  -0.67778E-01
    25	   0.16341E-01	  -0.68066E-01	   0.17760E-01	  -0.67599E-01
    26	   0.17009E-01	  -0.67902E-01	   0.18485E-01	  -0.67413E-01
    27	   0.17674E-01	  -0.67732E-01	   0.19209E-01	  -0.67220E-01
    28	   0.18339E-01	  -0.67555E-01	   0.19930E-01	  -0.67020E-01
    29	   0.19001E-01	  -0.67372E-01	   0.20650E-01	  -0.66813E-01
    30	   0.19661E-01	  -0.67182E-01	   0.21367E-01	  -0.66599E-01
    31	   0.20320E-01	  -0.66986E-01	   0.22082E-01	  -0.66378E-01
    32	   0.20977E-01	  -0.66783E-01	   0.22795E-01	  -0.66150E-01
    33	   0.21631E-01	  -0.66574E-01	   0.23505E-01	  -0.65914E-01
    34	   0.22284E-01	  -0.66358E-01	   0.24213E-01	  -0.65672E-01
    35	   0.22934E-01	  -0.66136E-01	   0.24919E-01	  -0.65423E-01
    36	   0.23582E-01	  -0.65908E-01	   0.25622E-01	  -0.65166E-01
    37	   0.24228E-01	  -0.65673E-01	   0.26322E-01	  -0.64903E-01
    38	   0.24872E-01	  -0.65432E-01	   0.27020E-01	  -0.64632E-01
    39	   0.25513E-01	  -0.65185E-01	   0.27714E-01	  -0.64354E-01
    40	   0.26152E-01	  -0.64931E-01	   0.28406E-01	  -0.64070E-01
    41	   0.26788E-01	  -0.64672E-01	   0.29095E-01	  -0.63777E-01
    42	   0.27421E-01	  -0.64405E-01	   0.29781E-01	  -0.63479E-01
    43	   0.28052E-01	  -0.64133E-01	   0.30463E-01	  -0.63172E-01
    44	   0.28681E-01	  -0.63855E-01	   0.31143E-01	  -0.62860E-01
    45	   0.29306E-01	  -0.63570E-01	   0.31819E-01	  -0.62540E-01
    46	   0.29929E-01	  -0.63279E-01	   0.32492E-01	  -0.62213E-01
    47	   0.30549E-01	  -0.62982E-01	   0.33161E-01	  -0.61880E-01
    48	   0.31165E-01	  -0.62679E-01	   0.33827E-01	  -0.61540E-01
    49	   0.31779E-01	  -0.62370E-01	   0.34490E-01	  -0.61193E-01
    50	   0.32390E-01	  -0.62055E-01	   0.35149E-01	  -0.60840E-01
    51	   0.32998E-01	  -0.61734E-01	   0.35805E-01	  -0.60480E-01
    52	   0.33602E-01	  -0.61408E-01	   0.36457E-01	  -0.60115E-01
    53	   0.34203E-01	  -0.61075E-01	   0.37106E-01	  -0.59743E-01
    54	   0.34801E-01	  -0.60736E-01	   0.37751E-01	  -0.59366E-01
    55	   0.35396E-01	  -0.60391E-01	   0.38393E-01	  -0.58982E-01
    56	   0.35987E-01	  -0.60041E-01	   0.39031E-01	  -0.58594E-01
    57	   0.36575E-01	  -0.59685E-01	   0.39667E-01	  -0.58199E-01
    58	   0.37159E-01	  -0.59323E-01	   0.40299E-01	  -0.57801E-01
    59	   0.37740E-01	  -0.58955E-01	   0.40928E-01	  -0.57397E-01
    60	   0.38317E-01	  -0.58582E-01	   0.41554E-01	  -0.56989E-01
    61	   0.38890E-01	  -0.58203E-01	   0.42177E-01	  -0.56576E-01
    62	   0.39459E-01	  -0.57818E-01	   0.42798E-01	  -0.56161E-01
    63	   0.40025E-01	  -0.57428E-01	   0.43417E-01	  -0.55741E-01
    64	   0.40587E-01	  -0.57032E-01	   0.44033E-01	  -0.55319E-01
    65	   0.41145E-01	  -0.56631E-01	   0.44648E-01	  -0.54893E-01
    66	   0.41699E-01	  -0.56225E-01	   0.45261E-01	  -0.54466E-01
    67	   0.42249E-01	  -0.55812E-01	   0.45873E-01	  -0.54036E-01
    68	   0.42795E-01	  -0.55395E-01	   0.46485E-01	  -0.53606E-01
    69	   0.43337E-01	  -0.54972E-01	   0.47096E-01	  -0.53174E-01
    70	   0.43874E-01	  -0.54544E-01	   0.47708E-01	  -0.52742E-01
    71	   0.44408E-01	  -0.54111E-01	   0.48321E-01	  -0.52310E-01
    72	   0.44937E-01	  -0.53672E-01	   0.48935E-01	  -0.51879E-01
    73	   0.45461E-01	  -0.53228E-01	   0.49551E-01	  -0.51447E-01
    74	   0.45982E-01	  -0.52780E-01	   0.50170E-01	  -0.51018E-01
    75	   0.46498E-01	  -0.52326E-01	   0.50793E-01	  -0.50590E-01
    76	   0.47009E-01	  -0.51867E-01	   0.51420E-01	  -0.50165E-01
    77	   0.47516E-01	  -0.51403E-01	   0.52053E-01	  -0.49742E-01
    78	   0.48018E-01	  -0.50934E-01	   0.52693E-01	  -0.49321E-01
    79	   0.48516E-01	  -0.50460E-01	   0.53340E-01	  -0.48903E-01
    80	   0.49009E-01	  -0.49981E-01	   0.53998E-01	  -0.48488E-01
    81	   0.49497E-01	  -0.49497E-01	   0.54663E-01	  -0.48075E-01
