     1	  0.00000E+00	  0.00000E+00	 -0.70000E-01
     2	  0.45455E+00	  0.55533E-03	 -0.69998E-01
     3	  0.90909E+00	  0.11106E-02	 -0.69991E-01
     4	  0.13636E+01	  0.16658E-02	 -0.69980E-01
     5	  0.18182E+01	  0.22210E-02	 -0.69965E-01
     6	  0.22727E+01	  0.27759E-02	 -0.69945E-01
     7	  0.27273E+01	  0.33307E-02	 -0.69921E-01
     8	  0.31818E+01	  0.38853E-02	 -0.69892E-01
     9	  0.36364E+01	  0.44397E-02	 -0.69859E-01
    10	  0.40909E+01	  0.49937E-02	 -0.69822E-01
    11	  0.45455E+01	  0.55475E-02	 -0.69780E-01
    12	  0.50000E+01	  0.61009E-02	 -0.69734E-01
    13	  0.54545E+01	  0.66539E-02	 -0.69683E-01
    14	  0.59091E+01	  0.72065E-02	 -0.69628E-01
    15	  0.63636E+01	  0.77587E-02	 -0.69569E-01
    16	  0.68182E+01	  0.83103E-02	 -0.69505E-01
    17	  0.72727E+01	  0.88615E-02	 -0.69437E-01
    18	  0.77273E+01	  0.94121E-02	 -0.69364E-01
    19	  0.81818E+01	  0.99620E-02	 -0.69288E-01
    20	  0.86364E+01	  0.10511E-01	 -0.69206E-01
    21	  0.90909E+01	  0.11060E-01	 -0.69121E-01
    22	  0.95455E+01	  0.11608E-01	 -0.69031E-01
    23	  0.10000E+02	  0.12155E-01	 -0.68937E-01
    24	  0.10455E+02	  0.12702E-01	 -0.68838E-01
    25	  0.10909E+02	  0.13248E-01	 -0.68735E-01
    26	  0.11364E+02	  0.13792E-01	 -0.68628E-01
    27	  0.11818E+02	  0.14336E-01	 -0.68516E-01
    28	  0.12273E+02	  0.14880E-01	 -0.68400E-01
    29	  0.12727E+02	  0.15422E-01	 -0.68280E-01
    30	  0.13182E+02	  0.15963E-01	 -0.68156E-01
    31	  0.13636E+02	  0.16503E-01	 -0.68027E-01
    32	  0.14091E+02	  0.17042E-01	 -0.67894E-01
    33	  0.14545E+02	  0.17580E-01	 -0.67756E-01
    34	  0.15000E+02	  0.18117E-01	 -0.67615E-01
    35	  0.15455E+02	  0.18653E-01	 -0.67469E-01
    36	  0.15909E+02	  0.19188E-01	 -0.67319E-01
    37	  0.16364E+02	  0.19721E-01	 -0.67165E-01
    38	  0.16818E+02	  0.20253E-01	 -0.67006E-01
    39	  0.17273E+02	  0.20784E-01	 -0.66843E-01
    40	  0.17727E+02	  0.21314E-01	 -0.66676E-01
    41	  0.18182E+02	  0.21842E-01	 -0.66505E-01
    42	  0.18636E+02	  0.22369E-01	 -0.66330E-01
    43	  0.19091E+02	  0.22895E-01	 -0.66150E-01
    44	  0.19545E+02	  0.23419E-01	 -0.65966E-01
    45	  0.20000E+02	  0.23941E-01	 -0.65778E-01
    46	  0.20455E+02	  0.24462E-01	 -0.65586E-01
    47	  0.20909E+02	  0.24982E-01	 -0.65390E-01
    48	  0.21364E+02	  0.25500E-01	 -0.65190E-01
    49	  0.21818E+02	  0.26016E-01	 -0.64986E-01
    50	  0.22273E+02	  0.26531E-01	 -0.64777E-01
    51	  0.22727E+02	  0.27044E-01	 -0.64565E-01
    52	  0.23182E+02	  0.27556E-01	 -0.64348E-01
    53	  0.23636E+02	  0.28065E-01	 -0.64128E-01
    54	  0.24091E+02	  0.28573E-01	 -0.63903E-01
    55	  0.24545E+02	  0.29079E-01	 -0.63674E-01
    56	  0.25000E+02	  0.29583E-01	 -0.63442E-01
    57	  0.25455E+02	  0.30086E-01	 -0.63205E-01
    58	  0.25909E+02	  0.30586E-01	 -0.62964E-01
    59	  0.26364E+02	  0.31085E-01	 -0.62720E-01
    60	  0.26818E+02	  0.31581E-01	 -0.62471E-01
    61	  0.27273E+02	  0.32076E-01	 -0.62218E-01
    62	  0.27727E+02	  0.32568E-01	 -0.61962E-01
    63	  0.28182E+02	  0.33059E-01	 -0.61702E-01
    64	  0.28636E+02	  0.33547E-01	 -0.61438E-01
    65	  0.29091E+02	  0.34034E-01	 -0.61169E-01
    66	  0.29545E+02	  0.34518E-01	 -0.60898E-01
    67	  0.30000E+02	  0.35000E-01	 -0.60622E-01
    68	  0.30455E+02	  0.35480E-01	 -0.60342E-01
    69	  0.30909E+02	  0.35957E-01	 -0.60059E-01
    70	  0.31364E+02	  0.36433E-01	 -0.59772E-01
    71	  0.31818E+02	  0.36906E-01	 -0.59481E-01
    72	  0.32273E+02	  0.37377E-01	 -0.59186E-01
    73	  0.32727E+02	  0.37845E-01	 -0.58888E-01
    74	  0.33182E+02	  0.38311E-01	 -0.58586E-01
    75	  0.33636E+02	  0.38774E-01	 -0.58280E-01
    76	  0.34091E+02	  0.39236E-01	 -0.57970E-01
    77	  0.34545E+02	  0.39694E-01	 -0.57657E-01
    78	  0.35000E+02	  0.40150E-01	 -0.57341E-01
    79	  0.35455E+02	  0.40604E-01	 -0.57020E-01
    80	  0.35909E+02	  0.41055E-01	 -0.56696E-01
    81	  0.36364E+02	  0.41504E-01	 -0.56369E-01
    82	  0.36818E+02	  0.41949E-01	 -0.56038E-01
    83	  0.37273E+02	  0.42393E-01	 -0.55703E-01
    84	  0.37727E+02	  0.42833E-01	 -0.55365E-01
    85	  0.38182E+02	  0.43271E-01	 -0.55024E-01
    86	  0.38636E+02	  0.43706E-01	 -0.54679E-01
    87	  0.39091E+02	  0.44139E-01	 -0.54330E-01
    88	  0.39545E+02	  0.44568E-01	 -0.53978E-01
    89	  0.40000E+02	  0.44995E-01	 -0.53623E-01
    90	  0.40455E+02	  0.45419E-01	 -0.53264E-01
    91	  0.40909E+02	  0.45840E-01	 -0.52902E-01
    92	  0.41364E+02	  0.46259E-01	 -0.52537E-01
    93	  0.41818E+02	  0.46674E-01	 -0.52169E-01
    94	  0.42273E+02	  0.47086E-01	 -0.51797E-01
    95	  0.42727E+02	  0.47496E-01	 -0.51421E-01
    96	  0.43182E+02	  0.47902E-01	 -0.51043E-01
    97	  0.43636E+02	  0.48306E-01	 -0.50661E-01
    98	  0.44091E+02	  0.48706E-01	 -0.50277E-01
    99	  0.44545E+02	  0.49103E-01	 -0.49889E-01
   100	  0.45000E+02	  0.49497E-01	 -0.49497E-01
