     1	   0.10000E+01	   0.00000E+00	   0.10500E+01	   0.65384E-03
     2	   0.10000E+01	   0.62500E-02	   0.10460E+01	   0.68083E-02
     3	   0.10000E+01	   0.12500E-01	   0.10421E+01	   0.12963E-01
     4	   0.10000E+01	   0.18750E-01	   0.10382E+01	   0.19133E-01
     5	   0.10000E+01	   0.25000E-01	   0.10345E+01	   0.25303E-01
     6	   0.10000E+01	   0.31250E-01	   0.10309E+01	   0.31488E-01
     7	   0.10000E+01	   0.37500E-01	   0.10274E+01	   0.37674E-01
     8	   0.10000E+01	   0.43750E-01	   0.10242E+01	   0.43873E-01
     9	   0.10000E+01	   0.50000E-01	   0.10212E+01	   0.50073E-01
    10	   0.10000E+01	   0.56250E-01	   0.10183E+01	   0.56284E-01
    11	   0.10000E+01	   0.62500E-01	   0.10157E+01	   0.62496E-01
    12	   0.10000E+01	   0.68750E-01	   0.10132E+01	   0.68718E-01
    13	   0.10000E+01	   0.75000E-01	   0.10110E+01	   0.74940E-01
    14	   0.10000E+01	   0.81250E-01	   0.10090E+01	   0.81171E-01
    15	   0.10000E+01	   0.87500E-01	   0.10071E+01	   0.87402E-01
    16	   0.10000E+01	   0.93750E-01	   0.10055E+01	   0.93641E-01
    17	   0.10000E+01	   0.10000E+00	   0.10040E+01	   0.99879E-01
    18	   0.10000E+01	   0.10625E+00	   0.10027E+01	   0.10612E+00
    19	   0.10000E+01	   0.11250E+00	   0.10016E+01	   0.11237E+00
    20	   0.10000E+01	   0.11875E+00	   0.10006E+01	   0.11862E+00
    21	   0.10000E+01	   0.12500E+00	   0.99973E+00	   0.12486E+00
    22	   0.10000E+01	   0.13125E+00	   0.99901E+00	   0.13112E+00
    23	   0.10000E+01	   0.13750E+00	   0.99841E+00	   0.13737E+00
    24	   0.10000E+01	   0.14375E+00	   0.99791E+00	   0.14362E+00
    25	   0.10000E+01	   0.15000E+00	   0.99751E+00	   0.14988E+00
    26	   0.10000E+01	   0.15625E+00	   0.99720E+00	   0.15613E+00
    27	   0.10000E+01	   0.16250E+00	   0.99697E+00	   0.16239E+00
    28	   0.10000E+01	   0.16875E+00	   0.99681E+00	   0.16865E+00
    29	   0.10000E+01	   0.17500E+00	   0.99671E+00	   0.17490E+00
    30	   0.10000E+01	   0.18125E+00	   0.99667E+00	   0.18116E+00
    31	   0.10000E+01	   0.18750E+00	   0.99666E+00	   0.18742E+00
    32	   0.10000E+01	   0.19375E+00	   0.99670E+00	   0.19367E+00
    33	   0.10000E+01	   0.20000E+00	   0.99678E+00	   0.19993E+00
    34	   0.10000E+01	   0.20625E+00	   0.99687E+00	   0.20619E+00
    35	   0.10000E+01	   0.21250E+00	   0.99700E+00	   0.21244E+00
    36	   0.10000E+01	   0.21875E+00	   0.99713E+00	   0.21870E+00
    37	   0.10000E+01	   0.22500E+00	   0.99729E+00	   0.22495E+00
    38	   0.10000E+01	   0.23125E+00	   0.99745E+00	   0.23121E+00
    39	   0.10000E+01	   0.23750E+00	   0.99761E+00	   0.23747E+00
    40	   0.10000E+01	   0.24375E+00	   0.99779E+00	   0.24372E+00
    41	   0.10000E+01	   0.25000E+00	   0.99796E+00	   0.24997E+00
    42	   0.10000E+01	   0.25625E+00	   0.99813E+00	   0.25623E+00
    43	   0.10000E+01	   0.26250E+00	   0.99829E+00	   0.26248E+00
    44	   0.10000E+01	   0.26875E+00	   0.99846E+00	   0.26874E+00
    45	   0.10000E+01	   0.27500E+00	   0.99861E+00	   0.27499E+00
    46	   0.10000E+01	   0.28125E+00	   0.99876E+00	   0.28124E+00
    47	   0.10000E+01	   0.28750E+00	   0.99890E+00	   0.28749E+00
    48	   0.10000E+01	   0.29375E+00	   0.99904E+00	   0.29375E+00
    49	   0.10000E+01	   0.30000E+00	   0.99916E+00	   0.30000E+00
    50	   0.10000E+01	   0.30625E+00	   0.99928E+00	   0.30625E+00
    51	   0.10000E+01	   0.31250E+00	   0.99939E+00	   0.31250E+00
    52	   0.10000E+01	   0.31875E+00	   0.99949E+00	   0.31875E+00
    53	   0.10000E+01	   0.32500E+00	   0.99958E+00	   0.32500E+00
    54	   0.10000E+01	   0.33125E+00	   0.99966E+00	   0.33125E+00
    55	   0.10000E+01	   0.33750E+00	   0.99973E+00	   0.33750E+00
    56	   0.10000E+01	   0.34375E+00	   0.99980E+00	   0.34376E+00
    57	   0.10000E+01	   0.35000E+00	   0.99986E+00	   0.35001E+00
    58	   0.10000E+01	   0.35625E+00	   0.99991E+00	   0.35626E+00
    59	   0.10000E+01	   0.36250E+00	   0.99996E+00	   0.36251E+00
    60	   0.10000E+01	   0.36875E+00	   0.10000E+01	   0.36876E+00
    61	   0.10000E+01	   0.37500E+00	   0.10000E+01	   0.37501E+00
    62	   0.10000E+01	   0.38125E+00	   0.10001E+01	   0.38126E+00
    63	   0.10000E+01	   0.38750E+00	   0.10001E+01	   0.38751E+00
    64	   0.10000E+01	   0.39375E+00	   0.10001E+01	   0.39376E+00
    65	   0.10000E+01	   0.40000E+00	   0.10001E+01	   0.40001E+00
    66	   0.10000E+01	   0.40625E+00	   0.10001E+01	   0.40626E+00
    67	   0.10000E+01	   0.41250E+00	   0.10001E+01	   0.41250E+00
    68	   0.10000E+01	   0.41875E+00	   0.10002E+01	   0.41875E+00
    69	   0.10000E+01	   0.42500E+00	   0.10002E+01	   0.42500E+00
    70	   0.10000E+01	   0.43125E+00	   0.10002E+01	   0.43125E+00
    71	   0.10000E+01	   0.43750E+00	   0.10002E+01	   0.43750E+00
    72	   0.10000E+01	   0.44375E+00	   0.10002E+01	   0.44375E+00
    73	   0.10000E+01	   0.45000E+00	   0.10002E+01	   0.45000E+00
    74	   0.10000E+01	   0.45625E+00	   0.10002E+01	   0.45625E+00
    75	   0.10000E+01	   0.46250E+00	   0.10002E+01	   0.46250E+00
    76	   0.10000E+01	   0.46875E+00	   0.10002E+01	   0.46875E+00
    77	   0.10000E+01	   0.47500E+00	   0.10002E+01	   0.47500E+00
    78	   0.10000E+01	   0.48125E+00	   0.10002E+01	   0.48125E+00
    79	   0.10000E+01	   0.48750E+00	   0.10002E+01	   0.48750E+00
    80	   0.10000E+01	   0.49375E+00	   0.10002E+01	   0.49375E+00
    81	   0.10000E+01	   0.50000E+00	   0.10002E+01	   0.50000E+00
